Tiempo:0.000035611	 / Tamaño Vectores:65536	/ V1[0]+V2[0]=V3[0](0.971777+2.510513=3.482290) / / V1[65535]+V2[65535]=V3[65535](0.743300+5.337928=6.081227) /
Tiempo:0.000083778	 / Tamaño Vectores:131072	/ V1[0]+V2[0]=V3[0](0.971777+2.510513=3.482290) / / V1[131071]+V2[131071]=V3[131071](27.963475+105.309138=133.272613) /
Tiempo:0.000282318	 / Tamaño Vectores:262144	/ V1[0]+V2[0]=V3[0](0.971777+2.510513=3.482290) / / V1[262143]+V2[262143]=V3[262143](2.845888+1.220413=4.066301) /

